
Tempo de execução: 108 ms
O = [ 2147476652 ]

Tempo de execução: 233 ms
O = [ -2068836538, 2147475333 ]

Tempo de execução: 113 ms
O = [ -2060954919, 2147480698, 2147479417 ]

Tempo de execução: 79 ms
O = [ -1162847583, -1162847583, 2147475753, 2147477059 ]

Tempo de execução: 86 ms
O = [ -869439361, 2147475542, 2147482036, 2147476357, 2147475542 ]

Tempo de execução: 80 ms
O = [ -298568239, 2147476823, 2147478201, -1448176524, -1448176524, -298568239 ]

Tempo de execução: 81 ms
O = [ -1763522984, -1763522984, 2147466805, 2147481349, 2147466805, 2147480572, 2147480572 ]

Tempo de execução: 83 ms
O = [ -417773487, -1603197969, -1603197969, -1159048078, -1603197969, 2147472488, -417773487, -417773487 ]

Tempo de execução: 97 ms
O = [ -2079126462, 2147472968, -2136393234, -1751426314, -842306658, -2079126462, -842306658, 2147471788, 2147472968 ]

Tempo de execução: 82 ms
O = [ -1661841337, 2147459685, 2147466786, 2147459685, 2147480746, -1661841337, -1661841337, 2147466786, 2147459685, 2147481628 ]

Tempo de execução: 102 ms
O = [ -1232628748, -1232628748, 2147479622, 2147466608, 2147446551, -1232628748, 2147474079, 2147481226, 2147481226, -1232628748, -1232628748 ]

Tempo de execução: 86 ms
O = [ -14118727, -14118727, -822850560, -14118727, 2147443072, -14118727, 2147460172, -344214837, 125539982, 290947972, 290947972, -344214837 ]

Tempo de execução: 96 ms
O = [ -1853855406, 2147450708, 2147438612, -2127370530, 2147445094, 2147449597, -2127370530, 2147436098, 2147435134, 2147451060, 2147449597, 2147438612, 2147438612 ]

Tempo de execução: 91 ms
O = [ 2147480524, 2147480524, 1066443388, -1690972522, -1177333233, -633568697, -1625764556, -1625764556, -1690972522, -1692677808, -149752927, -1655731401, -1177333233, -1491811913 ]

Tempo de execução: 112 ms
O = [ 145500072, -244821219, 1553503662, 2147466291, 2147477263, 145500072, 2147466291, 2147455939, 2147481342, 2147449368, 2147449262, 2147455939, 2147477263, 2147457461, 2147449368 ]

Tempo de execução: 83 ms
O = [ -1621181930, 506241630, 506241630, 506241630, -1546341505, 506241630, -1905920695, -1905920695, 503192587, 2147478152, 503192587, -1546341505, 506241630, -1546341505, -605075169, -1794332952 ]

Tempo de execução: 97 ms
O = [ -2079536798, 2147462051, -313220202, -1892128974, 2147469374, 458005594, -738802215, -397104439, -2079536798, 2147471374, 2147457145, -1854090566, 2147469374, -260048286, 355458987, -313220202, -1892128974 ]

Tempo de execução: 122 ms
O = [ 295297918, -1847348760, 2147476865, 2147457482, 2147457482, 2147425033, 2147474516, 2147479346, 2147462162, 2147432720, 407785311, 2147474516, 2147462162, 2147476865, 2147457482, 2147449897, 2147432834, 295297918 ]

Tempo de execução: 85 ms
O = [ 2147481592, -491252404, 64295007, -156676834, -1074432278, 181222801, 154387925, -2100284502, 181222801, -137523079, -954869048, -954869048, -1912274499, 640623583, 154387925, -137523079, -1074432278, -1906940904, -2100284502 ]

Tempo de execução: 89 ms
O = [ -765497520, -495434860, -1250317458, -1869939841, 52324707, 2147464380, -761110530, 2147464380, 2147456537, 2147456537, -761110530, 167018437, 2147464615, -1869939841, -495434860, -1209235379, 2147458457, -1793875185, -765497520, -99902514 ]

Tempo de execução: 95 ms
O = [ 2147473944, -1887404074, -1177051562, -1184878388, -1558930747, 2147473944, -1701180472, -1887404074, -1593313591, 260907491, -968615390, -480231670, 2147473944, -1425841093, -560782179, -1425841093, -1558930747, -968615390, -2145634780, -1879565051, -810994422 ]

Tempo de execução: 92 ms
O = [ 452214305, -883464931, 234234185, -1478519068, -514794942, -1185887133, -1478519068, 234234185, -883464931, -1133367973, -925927035, -879784352, -356284084, -883464931, 1005048525, 2147470206, -621311163, -1185887133, -1817974884, 2147470206, 234234185, -879784352 ]

Tempo de execução: 83 ms
O = [ 2147477942, -560624595, -464361731, -1519848497, -464813342, -673040862, -1569641106, -1320071943, -1320071943, -703900247, -1977099234, -508133563, -511610436, -803653175, -1569641106, -464813342, 2147477942, 2147477942, -464361731, -511610436, -803653175, -1320071943, -673040862 ]

Tempo de execução: 86 ms
O = [ -1730529823, -1389710653, -1396709868, 2147465569, 2147447767, -873595047, 2147465748, -1879539221, 2147480491, 2147468504, 2147468504, -1877249272, -1389710653, 2147479869, 2147465569, -1396709868, -1877249272, -1777912306, -1016783857, 2147468504, -850474428, -873595047, 2147453149, -1646208473 ]

Tempo de execução: 100 ms
O = [ -1863066373, -1096952755, 488030273, -1514359653, 439837343, -1514359653, 275540316, 2147479962, 488030273, -763771056, -1822627773, 439837343, -549052447, 568405614, 2147479962, 51398594, -1514359653, -763771056, 2147483211, -261933128, 2147482715, 2147482715, -2017993332, -854488743, -1386502365 ]

Tempo de execução: 95 ms
O = [ 2147478370, -552648660, -367699657, 40874965, -2033125472, -552648660, -81465086, -1464133231, 1189893377, -1090543569, -1464133231, -1980558468, -1090543569, -2011717225, -1611514778, 125424822, -1779480199, -527666864, -905015904, -130553528, -905015904, -905015904, -1780110751, 235471236, -527666864, -552648660 ]

Tempo de execução: 108 ms
O = [ -165938713, 2147461799, 2147436760, 2147395727, 2147392997, 2147458572, 2147376248, -1655944945, 2147425803, 2147458572, 2147436760, 2147392997, -165938713, 2147436760, 2147392997, -1211062013, 2147459868, -1655944945, 2147461799, 2147417580, 2147423047, 2147375190, 2147423047, 2147452116, 2147436760, -1211062013, 2147376248 ]

Tempo de execução: 103 ms
O = [ 175115532, -1799170650, 2147464520, 2147441021, 2147464520, -782811020, 2147466286, -782811020, 2147464520, -1481403067, -782811020, -1481403067, 2147444363, 2147454397, -2136614726, -133351752, -1445723528, -2048569535, -381325060, -1180637791, 2147467379, -133351752, 2147439293, 2147438921, 2147438921, -1380628239, 2147457155, -1799170650 ]

Tempo de execução: 103 ms
O = [ -1333855683, 2147395012, -792794210, 2147470967, 2147442258, 2147426125, -1650280233, -1333855683, 2147415540, 2147407282, -1650280233, 2147420114, 2147426125, 2147401279, 2147463488, 2147407553, 2147479989, 2147415540, -1333855683, 2147471198, 2147471198, -1333855683, 2147395012, 2147419346, 2147401550, 2147478915, 2147463233, 2147415540, 2147482588 ]

Tempo de execução: 81 ms
O = [ -1603431115, -1926360784, -1894171758, -710755763, 2147480040, -981807179, -1562425638, -1180356770, -520407374, -710755763, -815390980, -981807179, -1593142919, -1702313907, -1926360784, -1809259996, -1809259996, -1562425638, -1769090875, -1334104632, -1894171758, -733876331, -426589578, -1926360784, 166942042, -322770400, -375381551, 123715075, 123715075, -733876331 ]

Tempo de execução: 88 ms
O = [ 639222964, -1436638100, 2147434655, 2147430006, 502324930, 639222964, 639222964, 2147455132, 2147465994, 2147462960, 2147434655, -1990666711, 2147481662, 2147462960, 2147481633, -1990666711, 2147455132, 2147458329, 2147481662, 2147425580, 2147465367, 2147438712, 2147434765, 622290193, 2147462960, 2147436626, 2147481662, -1815538826, 2147465994, 639222964, 2147434655 ]

Tempo de execução: 89 ms
O = [ -1305917246, 2147430764, -1305917246, 2147459291, 2147418690, 2147393292, 2147468703, -1305917246, -1689311756, 2147430764, -1305917246, 1348934732, 2147433126, 2147424447, 2147386454, 2147439057, 2147430764, 2147415515, 1348934732, -1199555807, 2147433126, 2147438207, 2147418690, 2147424447, 2147372663, 2147430764, 2147399001, -2077488234, 2147393292, -2031482867, 2147427605, 2147450757 ]

Tempo de execução: 80 ms
O = [ -1489027947, -743011505, 542170286, 2147402755, 2147418079, -2056708830, 2147452695, -2054905403, -1440830734, -1489027947, 2147403565, 2147452695, 2147476236, 542170286, -2071432851, 2147476236, 448547473, -1204730969, 2147407354, -1757731867, 73595679, 2147457424, 2147452695, -1489027947, 73595679, 2147452695, -1489027947, -2056708830, 2147402755, 2147457424, 2147475888, -2056708830, -2054905403 ]

Tempo de execução: 96 ms
O = [ -97285938, -1173130616, -747486412, 2147465820, -1173130616, -1850882834, -1414506107, -402099230, -1411893260, -1971536199, 819959227, -1850882834, -1090081796, -2095102125, -1659036964, 2147471912, -747486412, -2095102125, -110779261, -1626079834, -642499456, -642499456, -1971536199, -2095102125, -747486412, -1364160922, -1736255618, -1647032650, -1654099500, -1349379775, 2147465820, -1971536199, -2123360530, 995509607 ]

Tempo de execução: 94 ms
O = [ -597403334, -1685583242, 2147434001, 2147446806, 2147443304, 2147443304, -1216896581, 2147423520, 2147419897, -681640821, -1896759931, -625363699, -1196794669, 2147441734, 2147419708, -1196794669, -681640821, -1453626701, -1196794669, 2147419431, -739428775, -681640821, -1428420706, -597403334, -681640821, -1216896581, -244208028, -1403612194, 2147479510, -1403612194, -1685583242, 2147419708, 2147419897, -969175874, -1896759931 ]

Tempo de execução: 87 ms
O = [ -788437221, 2147392550, 2147467341, 2147471832, 2147411993, -108341586, 2147396649, -87471632, 2147411311, 2147443437, -287926183, 2147411311, 2147415528, -1519108338, -686487889, -2065649563, 2147392550, -287926183, -108341586, -788437221, 2147462534, 2147430052, 2147474401, 2147474401, 2147392550, 2147396649, 2147411993, 2147420811, -1506565862, -287926183, 2147406378, -87471632, 2147411993, -2065649563, 2147474093, -751584283 ]

Tempo de execução: 83 ms
O = [ -1012706531, 2147416591, 2147354330, 2147354330, 2147408028, -1772730208, 2147382477, 2147405207, 2147350109, 2147472136, 2147415944, -1870133248, -1012706531, 2147394768, 2147416591, 2147354330, 2147378035, 2147449801, 2147433636, 2147354221, 2147471564, 2147462591, 2147349438, 2147373151, 2147394768, 2147416591, 2147354221, -338805468, 2147354221, 2147449801, 2147462591, -1772730208, -338805468, -1870133248, 2147373854, 2147350109, -338805468 ]

Tempo de execução: 81 ms
O = [ -524046613, 2147401115, 2147447099, -524046613, 2147393915, 2147366292, 2147379801, 2147472651, 2147335686, 2147369682, 2147348620, -1631729895, -1449073396, 2147411147, -524046613, 2147476457, 2147355846, 2147400060, 2147383696, 2147335686, 2147383696, 2147398466, 2147438491, 2147390344, 2147476457, -812127614, 2147336983, 2147400060, 2147336983, 2147390344, 2147412287, 2147472651, 2147383696, 2147326047, 2147411147, 2147411147, 2147472651, 2147383696 ]

Tempo de execução: 77 ms
O = [ -250128820, 2147466011, -1822227472, -1659109348, 2147440086, -593752927, 2147464719, -1849905469, -994774576, -1849905469, 2147466011, -1849905469, 2147479353, 2147456149, 2147433741, 2147466011, 2147466011, 2147480162, 2147477974, -1822227472, 2147458125, -1747368394, -1973264409, 2147440321, -1659109348, 2147458125, 2147433741, -1033383198, 2147456329, -1747368394, 2147479353, 2147474251, -339294580, 2147440321, -1921636251, 2147447960, 2147477974, 2147466011, 2147475923 ]

Tempo de execução: 98 ms
O = [ -1543062773, 2147453680, -427561573, -1219904451, 2147479572, 693434925, 186139442, 707850376, -1137442979, 2147424889, 2147467246, 693434925, 2147476221, 2147443121, 2147474543, 2147443121, -375759121, -1807907317, -375759121, -1449848159, 2147467764, 2147476098, 186139442, -1826853823, -1543062773, 2147443121, 2147467764, 2147467246, 2147468272, 2147460551, -427561573, -184857452, 2147482189, 2147467246, 2147482189, -1219904451, 2147474543, 2147422332, -1826853823, 2147481487 ]

Tempo de execução: 93 ms
O = [ -1982524031, -184031047, 2147483027, 181661695, -1588084971, 2147434449, 2147474148, 2147451031, 2147451031, -1446685554, -1588084971, -1679578904, -1687200050, 2147448739, 181661695, 2147385186, -1459569297, 2147434449, 69397810, -1322873018, -710407806, -1881250821, 2147434449, 2147451031, 2147406677, 2147392398, 2147462353, 2147472897, 2147472897, 2147392984, -640591807, -217462758, -217462758, 2147390747, -1687200050, 2147434449, 2147472897, 2147430037, -1322873018, -1322873018, 2147483027 ]

Tempo de execução: 80 ms
O = [ -542247312, 2147356194, 2147450300, 2147320329, 2147283329, 2147439424, 2147450300, 2147351720, 2147269493, 2147473609, 2147351720, 2147354569, 2147298137, 2147356194, -542247312, 2147394891, 2147450300, 2147351720, 2147354569, 2147435668, 2147436181, 2147394891, 2147322036, 2147452310, 2147439424, 2147356194, 2147298137, 2147285376, 2147438548, 2147283329, 2147285376, 2147474994, -179739142, 2147436181, 2147322036, 2147465905, 2147320329, 2147354569, 2147394891, -1079742484, 2147374639, 2147435668 ]

Tempo de execução: 77 ms
O = [ -1940225000, -1376776235, 255466839, -1720918570, -531369496, 215714055, -1233861155, -2027552476, -1780552348, -2027552476, -1720918570, -1103162618, 241592735, -1662912289, 255466839, -1780552348, -1662912289, 255466839, -1720918570, -918004726, 2147468389, -1662912289, -1931702773, 241592735, -991125889, -1940225000, -1523538991, -2013936156, -1523538991, -39616417, -39616417, -991125889, -1662912289, -1572236613, 2147473152, 241592735, -1629108307, -1685087888, 2147473152, 241592735, -1875105715, -1154301542, -1572236613 ]

Tempo de execução: 79 ms
O = [ -1949576355, -1858045195, 2147366127, 2147439915, 2147378448, -1639312731, 2147412247, 2147366790, -1293612239, -2009506021, 2147400724, -2056331793, 255158577, -2009506021, 2147359004, 2147369431, -716215311, 2147366127, 2147400724, 2147426150, -1918109508, 2147364789, 2147441463, 2147439915, 2147400724, 2147456286, 255158577, 2147441463, 2147439915, -2009506021, 2147456286, 2147418066, 2147398371, -697006970, -697006970, -2009506021, 2147366127, 2147463604, -1858045195, -1949576355, 2147371070, 2147426150, 2147390015, 2147441463 ]

Tempo de execução: 75 ms
O = [ -1092632830, 371455898, 2147403538, 2147450501, 2147422972, 371455898, 2147470656, 2147466615, -266484947, 2147479658, -1908411831, -1365426416, -1804940087, -1430756756, -1092632830, 2147420247, -1317140780, -1716306309, 2147479658, -141487062, -1804940087, 1028854308, -1716306309, -1908411831, -1058500233, 2147422972, -1804940087, -509986893, 2147434670, -1058500233, -1216533813, 2147474962, -266484947, -1365426416, 1192814344, -266484947, 2147455966, -1430756756, 2147455966, 2147420247, 2147414577, -1908411831, 2147414577, 2147434670, 2147434670 ]

Tempo de execução: 79 ms
O = [ -401793976, -8649027, -341422977, 553638635, 95133987, -384253493, -8649027, -2109041083, -29190271, 553638635, -8649027, -1540119564, -114200429, 2147452293, -415373736, -215912792, 2147461245, -2109041083, -384253493, -114200429, 2147441884, -145363362, -415373736, -1552500243, 2147460203, -215912792, 2147457804, 663253553, -2109041083, -145363362, -397944784, -215912792, -1540119564, -1552500243, 2147442713, -1920215029, -1493790402, 95133987, 2147452293, -1225454402, -787282380, -1920215029, -298944834, -1930712123, -1920215029, -787282380 ]

Tempo de execução: 76 ms
O = [ -1584533306, -463060733, 2147443071, -311707813, -1568276591, 2147460405, -1691890427, 2147444298, -1584533306, -1568276591, 2147422934, -558529125, -812947981, 2147473068, -1729944635, 2147451019, 2147395019, -1064014479, 1212361991, 2147422330, 2147471970, -812947981, 2147466290, 2147479391, 2147399475, 2147471648, 1212361991, 2147444298, -1691890427, -311707813, 2147479391, -1366797213, 1212361991, -558529125, -1590881877, 2147471970, 2147430102, -463060733, 2147399475, 1212361991, 2147418715, 2147422934, -812947981, 2147422330, 366223885, -463060733, -1691890427 ]

Tempo de execução: 75 ms
O = [ -739067204, -898198771, 2147466586, 2147451105, -898198771, 2147399150, 2147452940, -922622034, 2147401781, -922622034, 2147410770, 2147442460, 2147439832, -365357311, 2147401781, -864380775, 2147399150, 2147466586, -244209022, 2147451105, -1474669352, 141320135, -600766893, 2147424563, 2147466643, 2147401781, 2147451664, 2147456388, -1360098600, 2147399523, 2147452744, -898198771, 2147466586, -922622034, -1451565329, -739067204, 2147420886, 2147451105, -600766893, 2147403447, 2147420886, -365357311, -1451565329, 2147471433, 2147448131, 2147471433, 2147466586, 2147410770 ]

Tempo de execução: 77 ms
O = [ -1125631558, -209615746, -920220728, -710503984, 251100499, -920220728, 2147435407, 375129717, 2147464518, -971091530, -686299072, 226481651, 129122384, -1519622236, 375129717, -1509086548, 2147461021, -1834532562, -671892595, 2147464518, -1286407801, 2147435407, -584476448, -1125631558, 2147435407, -1967272609, -686299072, -686299072, 477085721, -839744264, 226481651, -626437648, -1251605069, -1509086548, -1124704499, 169340558, -1493832240, 2147472305, -584476448, -1251605069, 2147438442, 5277579, -1125631558, 232411956, -1755878047, 169340558, 30593721, 232411956, -920220728 ]

Tempo de execução: 77 ms
O = [ -1527420208, 2147450246, 301371964, -1561547010, -789509347, 520899112, -633774601, -144182660, -225162321, 14071553, 611002685, -1418444498, -712526884, -964996334, 2147429568, -2047915318, 2147452343, -225162321, -712526884, 2147429568, -655415321, 2147443104, 322840637, 611002685, 2147452343, -1561547010, 2147445090, -1418444498, -1561547010, -601919430, 2147450246, 2147431477, -1029873461, -1029873461, 14071553, -633774601, 2147438298, 2147445090, -601919430, -1029873461, 322840637, -1405452269, -2042149912, -144182660, -225162321, 2147460925, -601919430, 2147450246, 2147445090, 2147431477 ]

Tempo de execução: 81 ms
O = [ -709781970, 2147348617, 2147348617, 2147363785, -915976946, -709781970, -1547442320, -709781970, 2147436473, 2147464452, -709781970, 2147474078, 2147370398, 2147346269, 2147414848, 2147412262, 2147366899, 2147382673, -1000229972, 2147428563, -915976946, -709781970, -1547442320, 2147376544, 2147384345, 2147363785, 2147350117, -725322593, -1725803661, 2147370398, -630175802, -630175802, 2147382673, -709781970, -915976946, 2147370398, 575702746, 2147376544, 2147429769, 2147458826, -350669559, 2147464452, 2147384345, -725322593, -1863068839, 2147461084, 2147379967, 2147382673, 2147436473, 2147453497, 2147349061 ]

Tempo de execução: 79 ms
O = [ -1776061446, 2147430605, 2147438748, 952347439, 2147356550, -1329307076, 492772733, 492772733, 2147436757, 2147378864, 2147460231, 2147435023, -1310425512, 2147423761, 2147480554, -1800970938, 2147357649, -1866459088, -503860835, 2147430605, 2147437678, -693954172, 2147437678, -503860835, 2147447096, 2147357649, -1866459088, -1179881223, 2147448327, 2147451435, -1263953381, -693954172, -467475660, 2147471787, 2147471787, 2147437678, -1534113311, -1263953381, -467475660, 2147368568, 2147388215, -1866459088, 2147368049, 2147451435, 2147368568, -1310425512, -1263953381, 2147378864, 2147356550, 2147457678, -1776298152, -2038878895 ]

Tempo de execução: 109 ms
O = [ 2147482405, -1082348572, -1239478577, -2044146748, -694216262, -1239478577, -2086815551, -796401248, -1726462782, -1896349723, -946456275, -1896349723, -2043124659, 77104034, -1656398617, -1901253082, -65426950, -1082348572, -129818625, -129818625, -947197496, -947197496, 77104034, -1515133650, -2119267361, -1901253082, -1722513644, 77104034, 2147482405, 77104034, -725275569, -2064356869, -791269968, -1896349723, -1076720699, -1350524779, 240021205, -1656398617, -1726462782, -2043124659, -2043124659, -1076720699, -786798104, 764922138, 764922138, -357483264, -1500584388, -1253502359, -117453500, -1061042056, 572854689, -1935300143, -1082348572 ]

Tempo de execução: 80 ms
O = [ -1174383296, 2147455237, 2147426738, 2147442674, 2147443885, 2147480549, -1122499294, 2147431115, -934229043, -1648542401, -1573754801, 1344974895, -1981767471, 200930174, 2147428902, 874414877, -501463871, 2147464044, 2147428902, -1981767471, 2147428902, -1648542401, 317561527, -1266444337, -1981767471, 2147453181, -501463871, 2147426738, 2147443885, 2147455237, 1344974895, -501463871, -2145001183, 847804621, -501463871, -1648542401, 2147443885, 874414877, -377778541, -211271391, 559144748, 2147467101, 2147453181, -211271391, 2147446715, 434633100, 2147446715, -1924814123, -244600689, -1926079763, -501463871, -808324109, 847804621, 2147464044 ]

Tempo de execução: 103 ms
O = [ -392904761, -826495175, 2147426208, 2147464916, 2147464916, -1364900137, 2147406316, -840854521, -1997191854, -1919849075, -826601919, 2147418100, 2147480432, 2147390894, 2147464916, 2147379927, 2147404085, 2147426208, -1974243108, -1997191854, -840854521, 2147399387, -1353990499, 2147427310, -826601919, -392904761, -757625673, -1112935531, 2147369698, 2147358959, -1467450353, 2147411925, -1112935531, 2147464916, -1919849075, 2147406316, 2147369698, 2147411925, -392904761, 2147434696, 2147358959, -439224244, -840854521, 2147466396, -1112935531, 2147372770, 2147480432, 2147406316, 2147411925, 598791290, -840854521, -439224244, 2147388802, 2147480432, -1467450353 ]

Tempo de execução: 102 ms
O = [ -2086308802, -1544354371, 2147379332, -636414938, -2013853002, -1139396177, 2147437483, -1184336398, 2147385658, 2147386443, 2147441031, 2147478216, -516315380, -2013853002, 2147387153, -1716705585, 2147386443, -1139396177, 2147457895, -601601540, -121723443, 2147461865, 2147414590, -1184336398, -1464538500, -1943880931, -670066444, -1544354371, 2147457398, -2085291037, -473401971, -1429627895, -636414938, -1959127811, 2147385658, 2147467563, 68307583, -2013853002, 2147399814, 2147429020, 2147412959, 2147441031, 2147392017, 2147412959, 2147412959, -1464538500, -121723443, -399073139, -1544354371, -1716705585, 2147399814, -1429627895, 2147441031, 2147392017, -1429627895, -636414938 ]

Tempo de execução: 81 ms
O = [ -1259275531, 2147322656, 2147308544, 2147344122, 2147273115, 2147452065, -954723009, 2147357052, 2147271404, 2147298805, 2147453755, -680080457, 2147452065, 2147358091, 2147343398, -954723009, 2147444352, 2147312628, 2147359862, 2147290569, 2147343398, -1259275531, 2147452065, 2147308218, 2147299561, 2147271404, 2147465603, 2147268749, 2147398431, 2147438431, 2147308544, 2147398431, 2147300540, 2147299561, 2147358091, 2147271404, 2147419384, 2147359941, 2147419384, 221847757, 2147265793, 2147322656, 2147259171, 2147353773, 221847757, -1067190353, 2147343410, -1223172207, 2147308544, 2147299561, 221847757, 774664945, 2147399110, -1067190353, 2147358091, 2147268749, 2147438431 ]

Tempo de execução: 78 ms
O = [ -376374224, 2147374274, 2147411789, -1587117756, 2147365026, 2147360890, -376374224, 2147432463, 2147346907, 2147374274, 2147317277, 2147340980, 220911912, 220911912, 2147370237, 2147280032, 2147482521, 2147389018, 2147432463, 2147427099, 2147370941, 2147391683, 2147274537, 2147365026, 2147425553, 2147478022, 2147274505, 2147427439, 2147482611, -1546533739, 2147300935, 2147391683, 2147294074, 220911912, 2147411789, 2147389018, 2147374274, 2147478022, 2147411789, 2147274537, 2147370941, 2147425553, 2147274537, 2147300935, 2147285896, 2147420707, 2147331929, 2147279699, 2147450969, 2147426774, 2147411617, 2147427099, -376374224, 2147274505, 2147317277, 2147382299, -1048314438, 2147482611 ]

Tempo de execução: 81 ms
O = [ -336060051, -336060051, 2147328889, 2147216927, 2147451928, 2147435435, 2147447693, 2147402794, 2147252752, 2147471288, 2147206142, 2147438070, 2147261482, 2147227171, -890332397, 2147247469, 2147447448, 2147420184, 2147227658, 2147252752, 2147216927, 2147386082, 2147410294, 2147227636, 2147261482, 2147420184, 2147451928, 2147261482, 2147373458, 2147410191, 2147374228, 2147440932, 2147345078, 2147412329, 2147227658, 2147359365, 2147216927, 2147410191, 2147447448, 2147252752, 2147386082, 2147245768, 2147227171, 2147413582, 2147353848, 2147228046, 2147227658, -890332397, 2147447693, 2147227171, 2147323236, 2147359365, 2147329647, 2147206142, 2147345078, 2147412265, -336060051, 2147328889, 2147386082 ]

Tempo de execução: 88 ms
O = [ -1605924214, -845016472, -2135929160, 2147468321, 2147412858, 2147444606, 2147397747, -2135929160, -930051621, -1249069540, 2147424522, 2147481823, -858741204, -1751905569, -2088120377, -2088667883, 2147397747, -1605924214, -309482851, 2147380410, 2147381715, -845016472, -1331260797, -285580712, 2147380410, 2147381715, 2147381715, 2147433725, -1751905569, 1221923929, 2147424522, 2147380410, 2147394171, 2147426317, 2147481823, 2147480623, -309482851, -2135929160, 2147394364, -1131601660, -2135929160, -140462688, 2147438128, 2147401970, 2147392550, 2147470120, -858741204, 2147399437, -1249069540, 2147462595, -858741204, -2088667883, 2147386124, 357756388, -1468170878, -285580712, -1981824462, -1901782983, -1131601660, 2147399437 ]

Tempo de execução: 86 ms
O = [ -1757590986, 160260149, 2147447229, 398446127, -973492476, 2147419413, -1380648936, 110766328, -1757590986, 2147447229, -1577047578, -2034816096, -1670607596, -367870498, 2147447884, -2101480611, -1380648936, 2147473405, 2147452925, -343102060, -70174064, 2147434960, 2147419413, -1809467047, -1906703075, -1906703075, 126096268, -172240386, 2147450511, 2147481289, -208511544, -1188251048, -1711572596, -2057767138, -1809467047, 2147447229, -1140808136, -189666415, -727992253, 2147471883, -2103736284, 2147469272, -1150918130, -2093262198, -1661736405, -1661736405, -1711572596, -1524492476, -973492476, -1809467047, 1147859185, -1577047578, 110766328, 398446127, -343102060, 2147447229, -208511544, 2147448064, -1670607596, 2147414032, 315852227 ]

Tempo de execução: 90 ms
O = [ -1036550517, 2147347951, -1951946810, 2147477092, 2147452354, 2147446777, 712506945, 2147426109, 2147308500, 2147382480, -1409245847, -2048037196, 2147338056, 2147334891, -257097679, 2147453394, 2147429526, 2147317581, 2147367714, 2147437320, 2147442056, 712506945, -988142306, 2147366029, 2147359660, -930939565, 2147453394, -1036550517, 2147385775, 2147422950, 2147467398, 2147465380, 2147336133, -642053108, -977684360, 2147453394, 2147380837, 712506945, 2147437320, 2147459906, 2147434609, 2147425537, -2048037196, 712506945, -1414052553, 2147459906, 307886374, 2147434609, 2147380837, 2147379901, 2147467991, 712506945, 2147429526, 2147347951, -1036550517, 2147429526, -1036550517, -977684360, 2147453394, 2147422950, 2147425537, 2147482504 ]

Tempo de execução: 256 ms
O = [ -1186775518, 2147472712, 2147445237, 2147437875, 2147446268, 2147445237, 2147465866, -820685065, -1367133549, -1140833877, -2121669027, -284939184, -76364479, -1102040471, -2018401651, -76364479, -1183887346, -2130526517, -284939184, 1262683167, -1367746205, -225439358, -1367133549, -1236522070, -1712848318, -2018401651, 64648450, -827067240, 2147465866, -1210855776, 2147462188, 847230325, 1262683167, -1367746205, -888701954, -865081936, -1646122152, -1226833242, -1236522070, -1146954427, -1186775518, 2147446268, -2130526517, 557407936, -1532260400, -865081936, -2130526517, -284939184, 18653601, 2147437875, -1367133549, -820685065, 2147481102, 64648450, -76364479, 18653601, 557407936, -997607781, -888701954, -865081936, -2121669027, -1236522070, -1367746205 ]

Tempo de execução: 163 ms
O = [ -1936209634, -212971079, 2147336003, -573298193, 2147382159, -361482015, -767498995, -1559265041, -767498995, 2147407411, 2147375148, -1206060988, -791040623, -1242954292, 2147338310, 2147378037, 2147382159, -1936209634, -361482015, 2147441508, 2147449064, 2147326872, 2147338310, 894367961, -2024739213, -791040623, -1406006214, 2147351893, -1206060988, -1437644217, 1113779686, -1256438322, 1113779686, 2147479010, 2147466967, -1406006214, 97527342, 2147442634, -212971079, 2147479010, 2147430718, -1206060988, 2147408511, 2147367287, -1331196545, 2147382159, -1437644217, 2147351893, -1574818617, -865460693, -1724024015, 558110157, 2147378037, -767498995, 2147338310, 894367961, 2147466967, 2147391745, -1892685595, -652105713, 2147364212, 2147364212, -1331196545, 2147479010 ]

Tempo de execução: 103 ms
O = [ -2035790464, 2147459467, 2147407309, 2147446690, 2147473767, 529516516, 2147450001, -1054384103, -778068278, 2147436405, -436379961, -1054384103, 2147474533, 2147396494, 1165290677, -892183240, -653645087, 2147407309, -1249534414, 2147451451, 2147366432, 2147473017, -1126390418, -466807276, -824951233, 2147480052, -118939701, -1425240729, -118939701, -1126390418, -1147775532, -852353266, 2147473767, -1425240729, -1443616023, -1555708946, -824951233, 2147421253, -1054384103, -1555708946, 2147431791, 2147389303, -653645087, -653645087, 2147431791, 2147450001, -778068278, -1555708946, 2147474533, -1135448224, 2147400216, -1005470849, 2147386498, -1203256651, 2147480052, -1511796252, 529516516, 2147478613, -624988189, -1054384103, -1555708946, -824951233, -1135448224, 2147407309, 2147480648 ]

Tempo de execução: 82 ms
O = [ -1615917675, 2147418171, -1346307040, -1264782286, 2147401455, -1984666029, -1615917675, -1206562210, 421551965, 2147378397, -291272410, 2147479588, 2147376992, -174261185, -92433490, -1530490935, -553517263, 2147441413, 2147400397, -241339406, -226444127, -509524864, -35021217, -226444127, 2147418171, 2147378397, -1206562210, 2147418171, -1346307040, -235444211, -1206562210, 2147415716, 2147482424, -1472940528, -864350927, 2147389073, 2147395883, 2147415716, -291272410, 429136472, -235444211, -1264782286, -1530490935, -990120432, -1615917675, 2147376992, 2147389929, -1140599640, 429136472, 2147415716, -1646094328, 2147479588, -855844635, 2147383880, -235444211, 2147401455, 2147433415, -1264782286, 686672491, -493925405, -672306051, -1472940528, -553517263, -509524864, 2147441413, -509524864 ]

Tempo de execução: 90 ms
O = [ -1040241555, 2147419024, 2147415012, 2147472223, 2147419550, 2147470465, 2147430617, 2147281468, 2147258790, 2147406285, 2147327293, 2147427539, 2147251960, 2147419550, 2147390188, 2147310631, 2147470465, 2147333491, 2147258790, 2147365705, 2147409049, 2147358144, 2147336341, 2147376138, 2147276831, 2147369391, 2147427539, 2147327293, 2147341891, 2147406285, 2147270657, 2147261895, 2147406285, 2147402449, 2147341891, 2147421182, 2147310631, 2147321677, 2147263771, 2147376138, 2147266745, 2147336341, 2147263771, 2147469769, 2147327198, 2147270657, -384847558, 2147406285, 2147272354, 2147321677, 2147337616, 2147404986, 2147289567, 2147464637, 2147327293, 2147341891, 2147310631, 2147470465, 2147404986, 2147390188, 2147409049, 2147324529, 2147309624, 2147430617, 2147324529, 2147394110, 2147419024 ]

Tempo de execução: 111 ms
O = [ 922426948, 2147431124, 2147455859, 2147427823, 2147457402, -1746992097, 2147474855, 2147346975, 2147427823, 2147379296, -2068085817, 2147392026, 2147455114, 2147434490, 2147455114, 2147427823, 2147392419, 2147333889, -1071681926, -1680505066, 2147455114, -483732011, 2147366056, 2147335000, -454671081, 2147392026, -1746992097, 2147333889, 2147427823, -2041819264, 2147462742, -515923722, -1569580279, 2147379296, -454671081, 2147425689, 2147431124, -515923722, 233310209, -1746992097, -1265283075, -1492716936, -1292558416, -1569580279, 2147354659, 2147403021, 265252535, 2147428517, 2147387002, 2147456490, 2147345157, -1071681926, 2147367072, 2147329340, -483732011, 2147425689, 2147402326, -809680631, 2147427823, -1265283075, 2147346975, 2147434490, 2147456490, 2147387002, -483732011, 2147345157, 2147329340, 2147425689 ]

Tempo de execução: 77 ms
O = [ -2098014268, 2147190639, 2147190639, 2147175445, 2147442499, 2147403961, 2147226237, 2147296164, 2147178567, 2147431802, 2147372989, 2147269114, 2147164349, 2147295097, 2147390023, 2147361817, 2147473511, 2147302150, 2147421682, 2147238424, 2147187678, 2147348686, 2147413631, 2147295805, 2147456683, 2147302150, 2147166645, 2147473511, 2147421682, 2147348686, 2147354448, 2147178567, 2147173838, 2147166645, 2147238241, 2147445067, 2147456937, 2147211456, 2147173190, 2147303347, 2147226237, 2147269114, 2147309733, -2098014268, 2147295097, 2147189290, 2147277966, 2147359804, 2147447985, 2147442499, 2147413631, 2147359804, 2147456937, 2147200769, 2147458093, 2147190639, 2147229756, 2147237755, 2147477146, 2147173190, 2147366302, 2147464195, 2147238424, 2147164349, 2147255924, 2147176163, 2147189290, 2147447985, 2147226208 ]

Tempo de execução: 72 ms
O = [ -1210648696, -2041297550, 394151375, -207731804, 2147461381, -214903764, 484296219, 2147469556, -1639669468, -2055138958, -1705826709, 313770159, -1048106187, -1963018439, -682651816, -1048106187, 434801306, 2147460172, -1079331066, -1217081042, -1445749216, -153974438, 2147460172, 138065664, -282726968, -489789162, 209400929, -282726968, -1963018439, -1862310785, -1702361173, -822277037, -489789162, -21137333, -921860494, -594670681, -1755033410, -682651816, -2055138958, 2147469556, 2147471332, -21137333, -21137333, -594670681, 113191008, -822277037, -1526392164, -1705826709, 612411621, -21137333, -962568200, 113191008, -991798254, -1445749216, 2147461381, -1526392164, 313770159, -1217081042, -1060018753, -1816900433, -1992886550, -1079331066, 1404330172, 22954120, -1993706682, 29069587, -1217081042, -1445749216, -1862310785, -1655825509 ]

Tempo de execução: 79 ms
O = [ -763555912, 2147439708, 2147388348, 2147452056, 2147465040, 2147444729, 2147334095, 2147403169, 21399217, 2147345147, 2147361955, 2147433979, -2062533961, 2147443133, 2147470762, 2147393225, 2147374695, 2147452056, -1748016979, 2147432640, 2147474991, 2147422805, 2147353500, 2147360248, -1030696849, 2147352329, 2147458849, 2147403169, 2147452056, 2147439708, 2147480840, -1199115559, 2147398412, 2147422037, 2147431170, 2147458849, 2147379474, 2147458646, 2147390958, 2147458646, 2147353500, 2147433632, -1046051423, 721791916, -71461715, 2147480712, 2147467262, -1646270516, 166981361, 2147353500, 2147353500, 2147353500, 2147398412, 2147480712, 2147467262, 2147424574, 2147345147, 361484077, 2147351177, 2147460440, -1199115559, 2147346390, 2147433632, -2062533961, 2147345147, 2147424574, 2147458849, 2147431170, 2147432687, 2147432687, 721791916 ]

Tempo de execução: 82 ms
O = [ -1138229725, 2147356043, -1261856184, -1349490127, 2147344368, -1349490127, 2147344368, 2147342750, -1457513274, 2147383682, 2147254280, 2147289840, 2147477209, -2066129188, 2147254280, 2147391597, -1457513274, 2147434295, 2147304958, 2147478649, 2147301400, 2147394639, 2147252163, 2147371069, 2147475210, 2147318706, 2147475210, 2147387635, 2147289840, 2147257896, -1261856184, 2147259549, 2147461095, -1261856184, 2147259091, 2147409089, 2147363728, 2147451147, 2147259091, -883777291, 2147444410, 2147478649, 2147356043, 2147394639, -2066129188, 2147342750, 2147363728, 2147391685, 2147410024, -883777291, 2147289840, 2147254280, 2147257896, 2147391685, 2147430838, 2147383682, 2147475210, 2147281859, 2147421258, 2147385371, 2147289840, -1349490127, -543106281, 2147289840, -303196501, 2147259549, 2147394639, 2147447722, 2147477209, 2147318874, 2147409880, 2147238464 ]

Tempo de execução: 75 ms
O = [ -2020513176, 58766198, -1980784202, 2147363443, 2147455211, 947076388, -1381729124, -764783197, 2147363270, 2147354276, 2147459114, 2147455211, 2147350371, 2147354732, 2147354276, 2147354276, -764783197, 2147459114, 2147353686, -1372195933, 2147422820, -945747573, 2147457137, 2147473528, -764783197, -1674788087, -1728750128, -779914595, -2020513176, 2147426337, 2147384247, -1372195933, 2147471849, 2147354276, 2147483506, -1613575006, 2147353686, 2147429610, 2147426337, 2147354732, 2147349985, 2147353171, -398156643, -905069331, -1613575006, 2147471849, 2147363270, 2147386648, 2147455211, 2147386648, -1545806799, 2147419369, -1980784202, 2147480386, -905069331, -1613575006, 2147483506, 2147409152, 2147470441, 196344077, -945747573, -1545806799, 2147354276, 2147410583, 58766198, -694349820, -1613575006, 2147479167, 2147349985, -1372195933, 947076388, 2147353686, 2147424770 ]

Tempo de execução: 82 ms
O = [ -1641466670, 2147461717, 130918245, -857547814, -483108218, -1511607510, -1638892888, 2147411364, 2147415785, -1546978645, -1366651798, -2085041876, 2147366111, 2147380126, -307600708, -1641466670, 2147301045, -1396019741, -857547814, -2130783131, -1366651798, -1777215184, 2147476471, 2147453287, -1396019741, 2147380636, -563391312, -1511607510, -594730998, 2147331562, 2147380636, -1638892888, -1182204072, -1985445236, -1560833312, 2147350317, 2147350317, -1734229502, 2147478390, 2147374323, 2147301045, 2147434306, -1641466670, 2147447053, 2147299076, 2147411364, 2147410351, 2147347546, -1649414867, -2130783131, 2147347546, -1486346828, 2147374323, 2147436703, -1560833312, -857547814, 2147433449, 2147317255, 2147313758, -16713994, -594730998, -1641466670, 705580713, 2147402849, 130918245, -1623696442, 2147350317, 2147408922, 705580713, 2147380126, 2147410351, -1638892888, 2147462834, 2147410351 ]

Tempo de execução: 82 ms
O = [ -1657354524, 2147457739, 2147390279, 2147384319, 2147402952, -1020526129, 2147391729, 2147332210, 2147376558, 2147435313, 2147389071, -1657354524, 2147338920, 2147457739, 2147389071, 2147362648, -737865108, 2147316189, -1695727435, -453098110, 2147402952, 59913124, 2147384319, 2147384319, 2147417877, 2147338920, 2147389071, 2147464397, -1777624181, 2147459890, -737865108, 2147393702, 2147335406, 2147445989, 2147303020, 2147303020, 2147407357, 2147432423, -1695727435, 2147445989, -737865108, 2147298082, 2147310901, -737865108, 2147423613, -1777624181, -1657354524, 2147310901, -1357648258, 2147399396, 2147328994, -737865108, 2147338920, -349098596, 2147417877, -1051135288, 2147396921, 2147354959, -1777624181, -1777624181, 2147432423, -484908490, 2147310901, 2147391729, 2147402952, -369051335, 2147407357, 2147417877, 2147459415, 2147389359, 2147316189, 2147323043, 2147362648, -1657354524, -1657354524 ]

Tempo de execução: 86 ms
O = [ -1936938234, 2147475713, 2147416470, 2147424589, -1358290073, 2147475713, -868249663, 2147438788, -1315633395, -1517520876, 2147373942, -1016957209, -233591792, 2147441592, -1179193177, 2147419812, 2147437327, 2147419812, 2147381418, 2147442200, 2147445417, 2147391292, -443077059, -233591792, -1247144676, -1297875433, 2147478705, 2147369471, -1247144676, 2147373942, -1315633395, 2147459810, 2147393511, -545231442, 2147404295, -2109422029, -868249663, -1810796657, 2147391292, -1517520876, 2147475713, 2147385116, -1358290073, -1846704375, -545231442, 2147478705, -969720028, 2147376907, 2147438788, -2109422029, 2147459215, 2147368452, 2147457909, 2147416470, 2147441343, -1016957209, 2147419812, -1501320020, 2147373541, 2147381418, 2147393511, -233591792, -811066882, -545231442, 2147428386, -1315633395, 2147443075, -1810796657, 2147441592, -1905795728, 2147453810, 2147475713, -1936938234, -1846704375, -1517520876, -545231442 ]

Tempo de execução: 79 ms
O = [ -983004624, 2147288988, 2147170888, -1499164004, 2147282848, 2147456386, 2147337645, 2147265489, 2147436316, -983004624, 2147206599, 2147465778, -1499164004, 2147286446, 2147432016, 2147191263, 2147203849, 2147251613, 2147291123, 2147253058, 2147393587, 2147337645, 2147341924, 2147216197, -983004624, -595910586, -1499164004, 2147393587, 2147341169, 2147191263, 2147356950, 2147298102, 2147170888, 2147162045, 2147220143, 2147341924, 2147288988, 2147216197, 2147291123, 2147359498, -1273892757, 2147367110, 2147291123, 2147251613, 2147239442, 2147298662, 2147239442, -1439265852, 2147294294, 2147436316, -2030252523, 2147286446, 2147371263, 2147465778, 2147396994, 2147278153, 2147294520, 2147286277, 2147320058, 2147456386, 2147152480, 2147203849, 2147216197, 2147253058, 2147203849, 2147281477, 2147320058, 2147460069, 2147320058, 2147226628, -1154018974, 2147151882, -1273892757, 2147203849, 2147320058, 2147330922, 2147251613 ]

Tempo de execução: 86 ms
O = [ -138756428, 2147290660, 2147319353, 2147406560, 2147344231, 2147436151, -417081369, 2147366138, 2147268077, 2147366138, 2147352640, 2147309640, 2147404247, 2147432964, 2147366138, 2147457306, 2147366138, 2147355282, 2147335947, 2147293152, 2147344231, 2147361640, 2147481167, 2147413177, 2147422235, 2147318430, -417081369, 2147342927, 2147446937, 2147338186, 2147348173, 2147451616, 2147344460, 2147422235, 2147342927, 2147432964, 2147432964, 2147243252, 2147292361, 2147408373, 2147355282, 2147448051, 2147389931, 2147380146, 2147385024, 1003636621, 2147328310, 2147348804, 2147389931, 2147363868, 2147285160, 2147266386, 2147460846, 2147436151, 2147260655, 2147408373, 2147438641, 2147286285, 2147264833, 2147404247, 2147415613, 2147304032, 2147285160, 2147404247, 2147439790, 2147294284, 2147348173, 2147448051, 2147321220, 2147476561, 2147342927, 2147286285, 2147323872, 2147319353, 2147370272, 2147422235, 2147265051, 2147385024 ]

Tempo de execução: 80 ms
O = [ 104487352, 2147366618, 572614090, -633124490, 2147366618, -1865161495, -1712333613, 572614090, 2147347892, 2147324177, -1268338701, 572614090, 2147461670, -1719397868, 2147385694, -1686555588, 2147402498, -804833242, 2147351468, 2147308420, 2147328235, -2143895747, 2147453084, -633124490, 2147330992, -990758243, 127581683, 2147455344, 2147455344, 2147291932, 2147376911, 2147290839, 2147423723, 104487352, -2045630129, 2147347892, -990758243, 2147453084, 2147455344, -2045630129, -1686555588, 2147291932, 2147328216, 2147309835, 588314790, -1779286286, 2147320258, 239749472, 2147418849, 2147328227, 2147328235, 2147288378, 2147345440, 2147402498, -1779286286, 572614090, 504916331, 104487352, -1779286286, 2147463747, 2147327879, 2147376911, -812587115, 2147434849, -1375106001, 2147295272, 572439170, 2147423723, 572614090, -812587115, -1719397868, -507780753, -1443786973, 2147351468, -507780753, 2147345440, 2147463747, -841848129, 2147289636 ]

Tempo de execução: 77 ms
O = [ -360901502, -1344973272, -467631336, 2147429680, 2147332362, -1196289235, 2147386805, 2147386441, 2147305488, 2147367282, 342344333, 2147339481, 2147449410, 2147360316, 2147436642, 2147306372, 2147339481, -746785517, 1115636497, -904788144, -360901502, -1344973272, -1796179130, 2147350580, 306129078, 2147306372, 2147355311, 15524863, 586310050, 342344333, 15524863, 2147399315, 2147355311, 2147466448, 2147466340, 2147305488, 51667208, -1318462219, 2147475005, -75156931, 2147327201, -1407357901, -904788144, 2147365703, 2147364445, 2147395391, -1796179130, 2147380711, 2147466448, 2147303537, -904788144, 2147306372, -1442696349, -598493591, 2147465548, 2147463391, 2147463391, 2147359549, 2147423708, 2147380711, 2147367282, 2147423708, 2147359694, 2147465548, 2147359549, -1344973272, -1224903512, 2147339481, 2147360316, 2147365703, 2147327201, 2147380711, 2147347146, 2147466448, 2147453362, 1115636497, 2147379540, -360901502, 2147429680, 2147360316 ]

Tempo de execução: 81 ms
O = [ -1647198425, 2147326157, -489577074, -1736088213, 2147466027, 2147466027, 2147480978, 2147243295, 2147256687, -1736088213, -1170716764, 2147295866, -2143172874, 2147277388, -1828412734, -1073554293, 2147323060, 2147246833, 2147298994, 2147301968, 2147442102, -1073554293, 2147391935, 2147414233, -1417470473, 2147307263, 2147466120, 2147272186, 2147324658, 2147307263, 2147375654, -1170716764, 2147422822, -1503611564, -489577074, 2147301968, 2147375654, 242816713, 2147359853, -1725268441, 2147391935, -1509881218, -1550643071, -613305696, -2143172874, 2147323414, -1073554293, 2147272186, -1731591807, 2147360722, 2147243295, 2147414233, 2147405925, 2147394192, -1170716764, 2147391935, 2147277388, 2147394192, 2147338341, 2147301968, 2147412021, 2147298994, 2147442102, 2147322835, 2147426129, 2147387187, 2147295866, -808242230, 2147394192, 2147307263, -1578453607, 2147414233, 2147401087, 2147244400, -1725268441, 2147323060, 2147330573, 2147298994, 2147338341, -1052919893, 2147414233 ]

Tempo de execução: 83 ms
O = [ 403557915, 2147250908, -727667412, 2147479056, 467195122, 2147456041, -386587902, 2147429516, -1386244784, 2147479056, 2147295285, 2147369153, 2147314530, -1190742888, -1304450840, 2147411235, -332496219, 2147295581, -332496219, 2147364143, 2147242231, 2147480706, 2147292393, 2147390559, 2147390287, 2147336928, 2147336928, 2147242231, 2147367340, 2147329567, -1386244784, 2147439254, 2147429516, -2128073139, 2147292393, 15840669, 2147448489, 2147264524, 2147291352, -1783832887, 2147282858, 2147442218, 2147482305, 2147399332, 2147426136, 2147336928, 2147253916, 2147319353, 2147266392, 2147319480, 2147289231, 2147310983, 2147364143, -1304450840, -1825339234, 2147425558, 2147260512, 2147329069, -727667412, -386587902, 2147242231, -2128073139, 2147267669, 2147264524, 2147307466, 2147480706, -2128073139, 2147260512, 575707696, 2147448489, 2147319353, -1190742888, 2147332484, 2147391374, 2147242231, 2147390287, 2147262615, 2147381543, -1190742888, 2147244395, -1715152313, 2147282858 ]

Tempo de execução: 85 ms
O = [ -1372626066, 2147313340, 2147444327, 2147420382, 2147420650, -54841695, -658267646, 2147310840, 852749756, 852749756, -424690898, 2147441944, -1658702036, -307016078, 2147379387, -1669744932, -784351333, -827855282, -1372626066, -1176948723, 2147443551, 2147384991, 2147442993, 2147308944, 2147311824, 2147420382, 258137839, -2123972883, -1036220337, 2147313340, 2147366717, 2147379462, -2021287117, 2147437887, 2147366717, -704162720, -1095207191, 2147346482, 952021811, 2147323202, 2147311824, -424690898, 2147335303, -1058069074, 2147444327, -472968103, 2147311824, 2147330695, 2147450755, -1138449549, -1036220337, 2147357862, -1058069074, -1295097445, 2147292626, 2147357862, 2147416593, 2147447229, 2147381788, 2147330695, 2147323202, -704162720, 2147335303, 2147308944, 534168249, 2147335303, -1176948723, 2147442993, 2147311824, -784351333, 2147346482, 691971851, -1295097445, 2147346482, 2147440045, 2147444327, -1138449549, 2147357862, 2147366717, 2147411683, 2147357862, -1751008256, -307016078 ]

Tempo de execução: 77 ms
O = [ 23314892, 2147473628, -1936393604, -1568512845, -1752446653, 2147422632, -221989802, -784582486, 2147413949, 2147455689, 23314892, -1752446653, 2147375829, 2147467917, -1568512845, -2074246174, -874753547, 2147394294, 2147436787, 167654104, 2147437838, -1100676403, -1752446653, -874753547, 2147436787, -876356973, 2147413949, 2147365676, 2147376771, -876356973, 2147424875, -599033668, -1767771058, 2147397595, -1171747185, 2147426605, -784582486, -146909161, -1068247152, 167654104, -1936393604, -1680958747, 2147405584, -784582486, 2147376771, 2147422632, 2147426605, 2147443237, 2147418424, 1090792494, 2147481593, -1925574603, -599033668, 2147409756, 2147413949, -429094826, 2147455689, -876356973, 2147375829, -1811651627, 2147418424, 2147405071, 2147409756, 2147397595, -1811651627, -1068247152, 2147455689, 2147467054, 2147406781, 2147363622, -221989802, 2147481593, 2147375829, 2147397595, -1218708082, -1680958747, 2147455029, -1687603923, 2147409756, -1925574603, 2147418424, 2147417097, -2128949069, 2147413949 ]

Tempo de execução: 82 ms
O = [ -644364079, -1677391730, 2147390553, -644364079, -1089964285, 2147471289, -2135318993, 240531630, 2147364102, -1359679048, 2147296661, 2147392453, -1754146512, -1760797833, 2147342263, 2147379316, 2147347697, -973056403, 2147383782, 2147478066, 2147382442, 2147451804, -915341228, -2135318993, -1359679048, -1397484443, -1359679048, -439740772, -1259476882, -1089964285, 2147386033, 2147315255, 2147392453, 393713517, 2147311924, -439740772, 2147296661, 2147318554, -1943587132, 2147462411, 2147456829, 2147347697, 2147341417, 2147315255, 2147319024, -1754146512, -2135318993, -1754146512, 2147467129, 2147390553, 2147454141, 393713517, 2147379316, -1090463676, 2147455448, -1760797833, 2147476970, 2147364102, 2147334638, 2147456829, 2147329797, 2147373715, 2147410305, 2147437599, -1412135291, 2147437599, 2147482306, 2147476970, 2147307376, 393713517, 2147311924, -973056403, 2147374858, -1677391730, -1090463676, -1089964285, -1259476882, 2147296661, -1259476882, 2147454141, -2135318993, 2147476969, 2147340810, 2147379316, 2147478066 ]

Tempo de execução: 106 ms
O = [ -733991952, 2147368498, 2147383151, -717929112, 2147475617, -1558058307, 2147381106, 2147381106, 2147467470, -2072978790, 2147467470, 2147268027, 2147330151, -1034444760, -1472810824, -1975457203, -2072978790, -1299832648, -138651262, 2147291097, 2147321872, 2147479928, -1385466035, 2147268027, 2147278802, 2147268027, 2147361808, 2147479928, 2147238996, 2147286107, 2147250925, 2147313864, -1558058307, 2147250925, 2147423395, 2147258363, -259516106, -2072978790, 2147456576, 2147320497, 2147272795, 2147440826, 2147330151, -1165758516, 2147345300, 2147268027, 2147423395, -1299832648, 2147403395, 2147291097, 2147278147, -600506445, 2147375160, 2147241028, 2147321872, 2147314223, 2147278147, -1034444760, 2147258363, 2147243206, -2072978790, -1472810824, 2147238996, 2147241963, -1975457203, 2147330151, 2147328847, 2147440826, 2147328847, -2072978790, 2147440826, 2147475617, 2147479928, 2147390562, 2147390562, 2147272795, -1385466035, -1372466832, -1034444760, 2147243206, -234168852, -1299832648, 2147321872, 2147464595, -2072978790, 2147254343 ]

Tempo de execução: 90 ms
O = [ 1078174391, -885905192, -534683274, -2123153397, -1652020861, -1652020861, 2147387604, 417223449, -958217581, 570408450, -1956600840, 126383224, -1652020861, 2147364807, 201726774, 2147349153, -677932913, 2147327168, -2135133468, -1671134030, 14531813, 2147327493, -1367634555, 1078174391, -359952065, -1665032492, 2147420976, 2147394068, 2147327168, 1078174391, 26854799, -2081761683, 2147387604, 2147423634, 636245514, -581397509, 2147329784, 2147450687, -1806061812, -1471975826, -885905192, 224155222, -2099308927, -958217581, 2147327168, -151670793, -958217581, -1471975826, 636245514, 2147364807, 636245514, 225963775, -338973996, -2123153397, 2147440808, -534683274, 2147394068, 2147339149, 225963775, 2147423634, -1671134030, -958217581, 2147433047, -1806061812, 193491418, 201726774, 2147407458, 2147407458, 2147359819, -841190664, 570408450, -754671220, 2147394068, -1698969203, -677932913, -2135133468, -958217581, -845390464, 2147432326, -1671134030, -845390464, 2147329784, 362978426, -1665032492, -581397509, 2147432326, -151670793 ]

Tempo de execução: 88 ms
O = [ -1464089281, 2147453175, -1476885480, 62946180, -620260557, 2147453175, -1452432998, -310429422, -1816339669, -999874407, 49649183, -1596192258, -1731676919, -1786553966, -1535305810, -1744902930, -588702745, -1987533629, 223788790, -1743713825, -622346257, 2147434009, -1375466895, -1793972765, -1072028241, 500703913, -1608895187, 1158791450, -1117411604, -1072028241, -1866435606, -1072028241, -931986068, -1830349037, -1493458914, -1072028241, 867481023, 2147467479, -1866435606, 2147476243, -1987533629, 2147445158, -741963236, -1233600045, -620260557, -1816339669, -1294460213, -1464089281, -739386147, -1292650658, -739386147, -1452432998, -1431279457, -1830349037, -1233600045, 2147430781, -1743713825, 2147427046, -1038136494, 2147453175, 2147453175, -1975183528, 500703913, 618522315, -421403054, -1635268039, -1476885480, -310429422, -810407978, 2147453175, -459590426, -1535305810, 2147432582, 49649183, -840814763, 2147471305, -1535305810, -97561540, -1866435606, 618522315, 2147427046, -1786553966, -588702745, 2147471305, -1493458914, -1535305810, 2147471305, 49649183 ]

Tempo de execução: 91 ms
O = [ -515438656, 2147188295, 2147291505, 2147210232, 2147397570, 2147220865, 2147408855, 2147309712, -723025617, 2147471441, 2147345672, 2147408855, 2147471441, 2147224626, 2147438435, 2147474986, 2147440688, 2147236029, -1179957403, 2147438545, 2147348121, 2147264541, 2147214080, 2147378765, 2147153411, 2147291505, -2012913185, 2147204053, 2147262884, 2147408855, -1062378388, 2147439120, 2147438545, -1579195928, -641324484, 2147348121, 2147420301, -1224027595, -716374086, 2147161354, 2147230953, 2147210233, 16598485, 2147434838, 2147420301, 2147204053, 2147210232, 2147198841, 2147166568, 2147312986, 2147179397, 2147224626, -723025617, -1660841807, 2147345672, 2147181407, 2147286428, 2147152234, 2147440688, 2147474986, 2147370526, 2147153411, 2147270406, 2147466372, 2147179397, -716374086, 2147404136, 2147312986, -444937917, 2147471441, 2147408855, 301203470, 399209839, -515438656, 2147288564, 2147216079, 2147378765, -1660841807, 399209839, 2147288564, 2147439120, 2147210232, -985116211, 2147434838, 399209839, 2147328742, -1158218957, 2147179397, 2147166568 ]

Tempo de execução: 91 ms
O = [ -287237019, -1583687986, -2051869541, -398981108, -1708082883, 203740477, -1614413282, -1004304714, -1058856861, 381691574, -1670851650, 2147435301, 798550787, 423093330, 751532409, -1304900591, -582111569, -1136306700, -226263211, -637161120, 2147462852, -859007492, 786669513, -1614511814, -287237019, -500246131, -287237019, -89398605, -1583687986, -764060953, 133876783, 423093330, 2147449981, -1004304714, -500246131, -1627421892, 2147446858, -1529691860, 2147480530, -535443317, 615610220, -535443317, -60741104, 2147480530, 786669513, 2147446795, -761307672, -1208603163, 203740477, 55589733, 2147435301, -1566554336, -1356056161, -1459386269, -1670851650, -1285293838, -1304900591, 798550787, -500246131, -1460294197, 216123427, 2147462852, -300876098, -89398605, -250934333, -787443109, -1004304714, 615610220, -287237019, -582111569, -226263211, -1374356746, -1058856861, -972604287, 133876783, -988180229, 615610220, -89398605, -1120210886, -2090168036, 206711318, -1004304714, 55589733, -1374356746, -1208603163, -637161120, 381691574, -798772226, -1374356746, -2051869541 ]

Tempo de execução: 83 ms
O = [ -218851708, -854060791, 2147393701, 2147368006, -1309478176, 2147465624, -972553060, -972553060, -149953588, -516036630, -1511415823, -733952371, -605168219, 647108441, 2147381122, -972553060, -543007014, -622759713, 2147381122, 401997798, 2147465624, 2147404662, -503574752, -516036630, -733952371, 2147451505, -2086567585, -543007014, 2147355865, 184298240, 715893325, 2147374538, -1601085585, -972553060, -1099825000, -1309478176, -396883816, 2147402444, -218851708, 2147479433, 2147404662, 647108441, 2147387435, 2147355544, 2147355865, -2084690689, -605168219, 2147451505, 2147368317, 2147393701, -1525136490, -733952371, 2147355544, -990001154, -717475203, -218851708, 43898747, 2147415702, -2138404402, 715893325, -21003804, 29172726, 401997798, 43898747, -972553060, 2147357173, 2147392772, -1620792086, 2147362948, 43898747, -1309478176, -21003804, 2147369420, 2147355544, 2147353076, -149953588, -1381589687, -2103908695, -1690278725, 5302716, 2147451505, -2103908695, 2147362948, 2147389484, 2147453179, -543007014, -21003804, 2147404662, -516036630, -854060791, -2084690689 ]

Tempo de execução: 78 ms
O = [ -1730936725, 2147285927, 616090718, -1227869073, 2147185146, 2147243393, 2147192864, 2147401512, 2147373375, 2147333950, 2147201593, 2147372438, 2147251889, 2147227941, 2147224029, 2147389241, 2147222547, 2147334152, 259848387, 2147373375, 2147209781, 2147401512, 1416808303, -1070276213, 2147294870, 2147320410, 2147216086, 2147251889, 2147192864, 2147378564, 2147372438, 2147310503, -511214478, 2147436399, 2147227941, 2147222547, 2147201593, 68553123, 2147256335, -511214478, 2147289036, 2147224029, 2147215691, -1647261730, 2147334567, 2147224029, 2147378564, 2147384690, 2147378801, 2147376632, -1807473234, 2147359153, 2147395619, 2147399085, 2147389241, -548733393, 2147376632, 2147478573, 2147433427, 2147294935, 1416808303, -1730936725, 2147378564, 2147224091, 2147237502, 2147224091, 2147222547, -1179008264, 2147359153, 2147376632, 2147430797, 2147294935, 2147334567, -1068862297, 2147446830, 2147283233, -1068862297, 2147334152, 2147359153, 2147424386, 2147275987, 1416808303, 2147283233, -835676993, 259848387, 2147192864, 616090718, 2147478573, 2147309948, -1179008264, 2147376632, 2147384690 ]

Tempo de execução: 79 ms
O = [ -533693874, 2147261221, 2147387425, 2147410241, -1117767581, 2147340436, 2147274169, 2147329141, -409340322, 2147255730, 2147371068, 2147255730, 881603825, -1568292536, 2147347635, 2147306504, 2147315449, -533693874, 2147468909, 2147262008, 732393232, 295116786, 2147412177, 2147288683, 2147379325, 2147403754, 2147298136, 2147335245, 2147363676, 687707736, -533693874, 2147433207, 2147442484, 2147340436, 2147447393, 2147297763, 2147360231, 2147471657, 2147475950, -22342573, 2147442484, -800195201, 2147296403, 2147298136, 2147297763, 2147467807, 2147275429, 2147315449, -1218040993, 2147339204, 2147429459, 2147338999, 2147414102, -1332036755, -1956941327, 881603825, 2147401873, 2147468390, 2147274169, -1332036755, -1117767581, -2062662389, 2147250205, 2147355035, 2147387425, -948752753, -1332036755, 881603825, 2147312517, 2147387425, 2147299163, 2147326866, 2147315449, 2147312517, 2147242611, -533693874, 2147274169, 2147296403, 2147383078, 2147322576, -948752753, 881603825, 2147475950, 2147250205, -1117767581, -1218040993, 2147301417, 2147435955, 2147426648, 2147472833, 2147363676, 2147275429, -800195201 ]

Tempo de execução: 80 ms
O = [ -658474728, -575553791, -220682715, -2076194876, -1755567680, 2147478987, -2070605536, -560407465, 2147478987, -1562628665, -1601767471, -1152284202, -1222727685, -412075867, -1031730639, 2147455628, -336395874, -957793578, -1703926480, -1562628665, -220682715, -1152284202, -74559604, -1703926480, -1462229466, -1583570635, -1246744958, -575553791, 2147406486, -553668027, -1222727685, -954676595, -1661993672, -850168073, -1580825129, 42109798, -1462229466, -347050661, -74559604, 165828052, -347050661, -158964140, 2147455628, -1222727685, -384887750, -957793578, -1453310177, -87873028, -516944934, -1461589204, -131551657, 165828052, -516944934, 2147470535, -1946282392, -347050661, 2147470535, 165828052, 502201579, 42109798, -1152284202, -1182731779, -271898925, -1149351748, -560407465, -1514503915, -1925547083, -819732696, -412075867, 2147478987, -2056358790, -1580825129, -915470672, -336395874, 2147412956, 42109798, -53401256, -560407465, -575553791, -135890902, -2056358790, -413841551, -560407465, -1946282392, 2147455628, -220682715, -199135153, -670298213, -516944934, -2076194876, -1946283459, -1583570635, -1583570635, -87873028 ]

Tempo de execução: 76 ms
O = [ -419495170, -280992055, -1623139662, -1169457323, 1163109196, 2147480577, -2086342922, 2147467432, -2052345648, -2126273881, -1679134505, -1945874988, -1623139662, 1001745851, -1790081354, -547438117, 2147479470, -1019506623, -1920823734, 88017867, -988626551, -990100567, -158053247, -1607154875, -881481159, -220563754, -280992055, 762055029, -2051345548, -1310002520, -220563754, -280992055, -1102053722, -1019506623, -728879928, 2147449421, -1655705936, -735610222, -1432028054, -2086342922, -293116376, -1310002520, -1379196686, 1001745851, -868819085, 2147459511, -1481322320, 2147467432, -1920823734, -1394308346, -1038222370, -1623139662, 426463003, 22481161, -1790081354, -1679134505, -1310002520, 2147456813, -1450705138, 22481161, 2147451315, 2147438573, 2147435978, -1638908880, -1655705936, -293116376, -881481159, 2147454342, 2147454342, 2147467432, -1102053722, -1945874988, -584355878, -385692735, 762055029, -824054140, 1163109196, -1102053722, -990100567, -1163578673, -335327378, -796299187, -2051345548, -868819085, -1607154875, -1945874988, -293116376, -2086342922, 371333486, -335327378, 2147479470, -335327378, 953588075, 2147435978, 371333486 ]

Tempo de execução: 79 ms
O = [ -1662942471, -1339901921, -1444020943, 2147423070, -1254608620, -1035771945, 44506380, -1404282168, -684205872, -1254608620, 2147395158, -1339901921, 2147283850, -1339901921, -1518558185, 2147423555, 2147476953, 2147390979, 2147428349, 2147428349, -770631746, 2147270507, 2147436221, 2147318022, -1051205780, 2147305327, -1444020943, -730987895, 2147305327, -1343913793, -414824127, -1617407253, -1169258943, -962556702, -1404282168, 2147286293, 2147433266, 2147308515, 2147418568, 2147340576, 2147423555, -730987895, 2147318022, 2147272621, 2147432014, 2147462623, -1339901921, 2147407946, 2147286293, -684205872, 2147342904, -1035771945, 2147286293, -1904782273, -1335614020, 2147419548, -414824127, 2147428349, -1336071739, -1927566114, 2147351739, -770631746, 2147275951, 2147315118, -652006106, 2147385363, -1955458857, 2147407195, -962556702, 2147275951, 2147319954, 2147347103, -348652667, 2147393840, 2147427876, 2147407946, 2147482273, 2147449551, 2147449551, 2147370039, -1624483034, 2147367369, -708562121, -1624483034, 2147398334, 2147398334, 2147431889, 2147444612, 2147400788, -1336071739, 2147321887, 2147385363, 2147340576, 2147459104, -1321114245, -1518558185 ]

Tempo de execução: 81 ms
O = [ 564052965, -1512043782, 2147347248, 2147391819, 2147407050, 2147346116, -1865909012, 907000103, -352929723, 2147263425, 2147407007, -201495916, 2147478225, 2147267459, 2147469064, 2147465140, -2009851666, -484808458, -1849964300, 2147322416, 2147263425, 159093044, 2147469064, -484808458, 2147478225, 2147333564, 2147391024, 2147382840, -2009851666, 2147480671, 2147480495, -1830915884, 2147318408, 2147400437, 2147330396, 2147375951, 176655992, 2147385915, 2147367524, 2147373088, 2147265015, 2147342234, 2147362353, 2147338754, 2147322416, 2147465140, -1102424631, 564052965, 2147480671, 2147367524, 2147351341, 2147482890, 2147263425, 2147482890, 2147318408, 2147330396, -1167125159, -1972173476, -1772182664, 2147465140, -1260288718, -1167125159, 2147465140, -459360913, 2147465140, -1664959982, -2043982543, -1352447545, 2147292363, -900352048, -1665070150, -2009851666, -1265417244, 904359400, -1772182664, 159048552, -1830915884, 159048552, -1102424631, 159093044, 2147265015, 2147269586, 2147480495, 904359400, -1665070150, -484808458, 2147330396, 2147352194, 2147391685, -495889342, 2147480495, 2147391685, -1184048754, 2147391819, 2147453465, 2147375951, 2147267459 ]

Tempo de execução: 86 ms
O = [ -1297134154, -1086394023, 2147240909, 2147237377, 2147482479, 988892151, 900262379, -1024289172, 2147462633, -2129510455, 1150476382, -1262629507, -1024289172, 2147294644, 2147305275, -330529091, 2147301440, 2147450916, -1429501590, 2147288118, 2147215211, -1611607370, 2147239456, 2147292607, -330529091, 2147294644, 2147347139, -1097383965, -50762115, 1150476382, -310765494, 2147387737, -1943105537, 2147482479, 51012038, 2147288458, -758239297, 2147235587, -310765494, 2147390663, 2147370156, 2147255432, -323825389, -2005233007, -1097383965, -1719556556, 2147215211, 2147423616, 900262379, 2147358758, -1097383965, 2147264148, -758239297, -1136287377, 886251454, 2147304213, -758239297, 2147347139, 2147216890, -1024289172, 2147462633, 2147229580, 900262379, -1136287377, -1611607370, 2147216890, -1943105537, -1297025503, -1097383965, 2147327420, -276225641, 2147282146, -1611607370, 2147358758, -1441327230, 2147355246, -382482641, 2147301440, 2147215211, -1719556556, 2147409507, 51012038, 2147358758, 2147370156, 2147447986, -1097383965, 1070936275, 2147301440, -1262629507, 2147292607, 2147424542, -50762115, 1150476382, -1024289172, 2147216890, 2147465866, 324133819, -868893754 ]

Tempo de execução: 76 ms
O = [ -1597384840, -1180435314, -535197705, 2147352389, 2147437505, 2147218461, 2147345405, 2147420818, 2147369656, 2147302191, 2147126190, 2147266565, 2147350251, -161885467, 2147413243, 2147148788, 2147105046, 2147112902, 2147414586, -535197705, 2147366730, 2147130747, -1174720266, 2147218461, 2147242699, 2147412129, 2147166075, 2147150323, 2147144540, 2147275440, 2147144540, 2147110766, 2147149251, 2147155608, 2147302191, 2147280026, 2147105349, 2147218912, 2147275440, 2147311942, 2147369656, -161885467, 2147205941, 2147289183, 2147206445, -1848026874, 2147248575, 2147163931, 2147151146, 2147412129, 2147413243, 2147366730, 2147163931, 2147436572, 2147417755, 2147345213, 2147361844, 2147154809, 2147456950, -1597384840, 2147350251, 2147248575, 2147389266, 2147126190, 2147446064, 2147401887, 2147417755, 2147192232, -611165694, 2147180265, 2147199396, 2147155608, 2147326723, 2147206445, 2147192232, 2147105046, 2147163931, 2147414586, 2147225031, 2147366730, 2147420818, -1646662803, 2147286915, 2147345213, 2147120734, 2147345405, 2147105349, 2147125545, -1848026874, -611165694, 2147366730, 2147350251, 2147345405, 2147413243, -1180435314, 2147121854, 2147345405, 2147264606, 2147352389 ]

The information about OS
Current username: alphinos
Name of the OS: Linux
Version of the OS: 6.1.53-1-MANJARO
Architecture of THe OS: amd64
Available processors (cores): 4
Free memory (bytes): 544
Maximum memory (bytes): 1966
Total memory available to JVM (bytes): 1432
physicalMemorySize: 7
freePhysicalMemory: 971
Este relatório foi gerado pelo computador de Carlos Veras